<svg version="1.0" xmlns="http://www.w3.org/2000/svg" width="800.000000" height="800.000000" viewBox="0 0 800.000000 800.000000" preserveAspectRatio="xMidYMid meet">
  <metadata>
    <rdf:RDF xmlns:rdf="http://www.w3.org/1999/02/22-rdf-syntax-ns#" xmlns:rdfs="http://www.w3.org/2000/01/rdf-schema#" xmlns:dc="http://purl.org/dc/elements/1.1/">
      <rdf:Description dc:format="image/svg+xml" dc:Label="1" dc:ContentProducer="001191330110MACRLGPT8B00000" dc:ProduceID="451898652" dc:ReservedCode1="Y2+mPTvci+BVJh3zefwV2sekbG4ubLrdJHOYl32vHdQ=" dc:ContentPropagator="001191330110MACRLGPT8B00000" dc:PropagateID="451898652" dc:ReservedCode2="Y2+mPTvci+BVJh3zefwV2sekbG4ubLrdJHOYl32vHdQ="/>
    </rdf:RDF>
  </metadata>
  <g transform="translate(139.131010,673.481666) scale(0.066821,-0.066821)" fill="#000000" stroke="none">
    <path d="M3651 7229 c-614 -54 -1190 -289 -1686 -686 -140 -112 -364 -335 -483 -482 -346 -424 -582 -946 -666 -1471 -41 -255 -50 -605 -21 -853 124 -1067 765 -1988 1715 -2463 443 -222 880 -324 1385 -324 408 0 773 68 1144 212 133 52 399 186 511 258 730 466 1244 1197 1415 2010 56 263 80 658 56 916 -57 627 -281 1189 -666 1674 -523 658 -1285 1094 -2086 1195 -154 19 -479 27 -618 14z m537 -184 c464 -49 909 -213 1322 -488 184 -123 332 -247 506 -427 241 -248 392 -463 544 -775 216 -444 300 -841 287 -1358 -12 -452 -94 -796 -286 -1192 -147 -303 -307 -529 -556 -784 -311 -319 -669 -555 -1077 -710 -373 -141 -814 -209 -1198 -182 -415 28 -758 120 -1125 301 -315 155 -521 304 -780 564 -571 572 -867 1284 -868 2086 0 275 24 480 84 720 262 1052 1128 1915 2185 2179 297 75 648 98 962 66z"/>
    <path d="M3630 6899 c-281 -34 -581 -124 -662 -197 -22 -20 -52 -59 -66 -86 l-27 -51 -5 -682 c-5 -669 -5 -682 -26 -709 -11 -15 -33 -37 -48 -48 -27 -21 -37 -21 -694 -21 l-667 -1 -57 -27 c-62 -30 -122 -90 -145 -145 -23 -55 -33 -221 -39 -662 -7 -457 7 -895 31 -977 29 -97 101 -174 194 -205 27 -9 207 -13 696 -15 730 -3 678 2 729 -67 21 -27 21 -40 26 -710 l5 -682 30 -59 c21 -41 44 -68 76 -90 75 -51 333 -126 564 -162 137 -22 516 -25 645 -5 219 34 487 110 593 170 57 31 109 98 127 160 6 23 10 274 10 682 0 712 -2 686 63 734 28 21 41 21 685 26 l657 6 59 23 c76 30 138 93 165 167 34 89 45 305 45 834 0 521 -11 735 -45 825 -26 69 -85 128 -157 156 -57 22 -60 22 -712 23 -640 1 -656 1 -690 21 -19 12 -43 36 -55 55 -19 34 -20 54 -25 710 l-5 675 -27 51 c-15 29 -46 67 -68 87 -72 61 -290 133 -539 178 -132 24 -509 35 -641 18z m499 -179 c177 -19 412 -78 529 -133 82 -38 76 12 82 -747 l5 -675 26 -55 c31 -66 85 -121 148 -152 l46 -23 682 -5 681 -5 26 -24 c15 -14 30 -41 36 -60 30 -117 38 -1054 10 -1386 -12 -142 -20 -163 -73 -189 -31 -14 -101 -16 -674 -16 -748 0 -711 4 -808 -93 -104 -106 -99 -63 -103 -833 l-3 -661 -27 -26 c-59 -55 -359 -139 -597 -167 -114 -13 -353 -13 -470 0 -242 27 -561 115 -586 162 -7 14 -11 231 -12 692 -2 512 -5 680 -15 708 -32 94 -123 183 -210 208 -23 6 -274 10 -682 10 -594 0 -648 1 -680 18 -62 31 -67 51 -79 311 -22 470 -6 1251 25 1299 34 52 34 52 732 52 752 0 708 -5 808 94 104 104 98 55 104 837 4 578 7 679 20 694 39 46 316 131 521 159 123 17 406 20 538 6z"/>
  </g>
</svg>